0 0x00700000 8 1 123456
1 0x00700000 8 1 -123456
2 0x00700000 8 1 123456
3 0x00700000 8 1 -123456
3 0x00700010 8 1 123456
0 0x00700000 8 2 -123456
1 0x00700000 8 2 123456
2 0x00700000 8 2 -123456
3 0x00700000 8 2 123456
3 0x00700010 8 2 -123456
0 0x00700000 8 3 123456
1 0x00700000 8 3 -123456
2 0x00700000 8 3 123456
3 0x00700000 8 3 -123456
3 0x00700010 8 3 123456
0 0x00700000 8 4 -123456
1 0x00700000 8 4 123456
2 0x00700000 8 4 -123456
3 0x00700000 8 4 123456
3 0x00700010 8 4 -123456
0 0x00700000 8 5 123456
1 0x00700000 8 5 -123456
2 0x00700000 8 5 123456
3 0x00700000 8 5 -123456
3 0x00700010 8 5 123456
0 0x00700000 8 6 -123456
1 0x00700000 8 6 123456
2 0x00700000 8 6 -123456
3 0x00700000 8 6 123456
3 0x00700010 8 6 -123456
0 0x00700000 8 7 123456
1 0x00700000 8 7 -123456
2 0x00700000 8 7 123456
3 0x00700000 8 7 -123456
3 0x00700010 8 7 123456

